colors.det = [51, 51 255]/255; % special blue
colors.cic = [1.00 0.54 0.00];  % orange-
colors.ave = [0.47 0.25 0.80];  % purple
colors.con = [0, 51, 0;         % scale of greens
              %0, 77, 0;
              0, 102, 0;
              %0, 115, 0;
              0, 128, 0;
              %0, 153, 0;
              0, 179, 0]/255;
colors.prob2det = [64, 0, 255;
                   255, 0, 255]/255;
colors.efsr = [0, 255, 0;         % scale of blues
              0, 255, 255;
              0, 0, 255;
              255, 153, 51]/255;
colors.efrf = [];
colors.lim = [1,0,0]; % red